<?xml version="1.0"?>
<opencv_storage>
<m_camera_matrix type_id="opencv-matrix">
  <rows>3</rows>
  <cols>3</cols>
  <dt>d</dt>
  <data>
    5.6909153477177040e+02 0. 3.3194930315806221e+02 0.
    5.6962251985553553e+02 2.4216719231737616e+02 0. 0. 1.</data></m_camera_matrix>
<m_dist_coeffs type_id="opencv-matrix">
  <rows>1</rows>
  <cols>5</cols>
  <dt>d</dt>
  <data>
    -3.8573372216333740e-01 1.9509236052821657e-01
    -1.6750180767056227e-03 -2.5882697691126027e-05
    -3.7825948572861083e-02</data></m_dist_coeffs>
</opencv_storage>
